beta_true <- 
c(-1.47593593712435, -0.837766707000357, -0.120407910867374, 0.154619729961155, 0.531714601001064,
-1.61827183133246, -0.535205114859586, -0.808456842641096, 0.410526095951627, -2.04272967144481, -1.12702835220688,
-0.442466130493726, -0.305480318693693, -2.17956999696853, -0.974269240210242, -0.519199384261565, -2.20925634941717,
-0.00331466764293986, -1.02598121563823, -1.1984961421695, -0.581687153239895, -2.24719099673411, -0.808537591916557,
-0.252833780679795, -1.36570698118609, -0.960936851027141, -1.62403206311759, -1.37773644179013, -1.37755864980094,
-0.715677257742976, -0.767753095002383, -0.75726752686627, -0.571972630041903, 0.237985312982831, -1.83414841453875,
-2.18538362045706, -1.11122142679346, -1.50570689632917, -0.796330971850037, -1.78041798139219, -2.42681904834832,
-1.9174933140068, -1.33295596759982, -0.734844851651743, -0.678102421485223, -1.84710563170781, -1.60193997228418,
-0.813225299904347, -1.05060512364209, -1.43074041055202, -0.591666145926016, -0.550782742601667, -0.268876885486108,
0.135851078482279, -0.354821999605391, 0.21160790527632, -0.620562468862966, -0.466464031090648, 0.886712741025487,
1.26039726117036, 0.517004133002464, -0.0907401807973081, 0.525131960836796, 0.998744601576957, -0.0199663869944294,
-0.23902094830198, 0.212573272464581, 1.43063682765621, -0.104363610789536, 0.447096876752505, -0.465993138612723,
0.413667690011099, -0.379384932154676, -1.50999999446991, -1.33662006461406, -0.356348832997112, -1.36378517332303,
-1.02481734714977, -1.15609211202276, -0.217503784213738, -0.583569206148726, -0.852725694277291, 0.594917137244409,
-0.188309439409002, 1.03628854745028, -1.05175112562076, -1.32383388058928, -0.0329861384925166, 0.362586440783693,
0.584027053239976, 0.34118364807264, -0.602477395830093, 0.37994099522936, -0.10836946038284, -0.669859351740489,
-0.363595427575422, -0.112634575108993, -0.0310707887591373, -0.75246540171338, 0.208082940892183, 2.28051672756975,
1.05511864256859, -0.0650961881969339, 1.46012855381238, 0.921023306010236, 1.23818453314891, 0.281900115394067,
0.820184452934009, 2.00357673600658, 0.492801564950126, 1.15830941834062, 1.29413643148132, 1.21097515353629,
0.947823090422237, 0.929020554339196, 1.45932435293974, 1.28598031595736, 1.81031940844924, 0.596686731129047,
1.16835553690488, 0.0346584184333265, 1.74680567737049, 0.954066005943995, 1.01443274852951, -0.729287345987314,
0.380489038544119, 1.44049574714227, 1.1711875505487, 0.206656213769872, 1.84457239987209, 0.508468768283895,
0.991191061622241, 0.737356387570161, 1.23942735223156, 1.38048936181385, 0.923595815844583, 1.93506997953005,
1.07206898473723, 0.835243417377673, 0.754793461689608, 0.26455628829501, 1.45332181946695, 0.0952828731331006,
0.744653550287592, 1.39315248854688, 1.22769341694962, 1.1720714924155, 1.32299308464001, 0.193454832316542,
0.939017066325105)
gamma_true <- 
c(1.06149182370004, 0.341017639900069, 0.198397530180275, 0.277897326408095, 1.36086933486132,
0.497048716045302, 0.0887094070723991, 0.976083607083517, 0.747793380313494, 0.18863719769397, 0.0275760085931811,
0.208724149894407, 1.52150647802366, 1.33531379182591, 0.823831910109062, 0.815751341182953, 1.07895042918767,
0.121960313594171, 0.53640552391839, 0.75459588265244, 0.456336001823065, 0.351519806949723, 0.426303815024264,
0.146315930855893, 1.00665609399718, 0.361613370631487, 0.329552911100623, 0.421677030896934, 0.184120816429402,
1.11223688675136, 1.22169154105715, 0.337871691992194, 1.35551847578764, 0.242504332788047, 0.259634024996684,
0.723253301925753, 0.760981901018476, 0.354363402716301, 0.360500520158062, 0.476859371491452, 0.456586314485944,
0.0595144782639125, 0.855524649883705, 0.059078419952538, 0.0447701259357175, 0.0530817540683332, 0.00404319709650691,
0.999994277357658, 1.73450346318448, 0.509692279576906, 0.235059143514288, 0.794753354091003, 0.275319312320877,
0.480687320489135, 0.116742961150133, 0.715341432960368, 0.418078623740867, 0.0844359624568329, 0.525828344757386,
0.426477682753305, 0.113934909993377, 0.73383188709413, 0.421711501950294, 0.693597426253583, 0.196301258347412,
0.474633793421074, 1.26901717638179, 0.169616659890386, 0.264622357749631, 0.108504148879532, 0.855062821707502,
0.597035221971239, 0.643440236163059, 0.0426978673799305, 0.440336910075878, 0.120758270858232, 1.31907741488395,
1.14573295108912, 0.596696583996733, 0.649254625258477, 0.126783361925188, 0.402488411949762, 1.05137768271176,
1.19647715122673, 0.990075536724474, 1.06318378612427, 0.90344242502984, 2.15611667673132, 2.10966622813229,
1.02904119544027, 0.139025267403557, 0.5958092726657, 0.102209668450299, 0.529613694343108, 0.910555416345568,
0.899082259297821, 0.21160630421416, 1.33991206073881, 1.17814054491775, 0.796160501539994, 0.0926211679504161,
0.373602737952421, 1.26472589597367, 0.281038199627739, 0.869160200785353, 0.344755880905608, 0.684308596286906,
0.43696843945908, 0.398099820030007, 1.782843342205, 0.203692754791598, 0.640586961510182, 0.298052778678322,
0.639967733662296, 0.444557961758092, 0.300714024363835, 0.499008689457252, 0.95951196153284, 0.127216602172433,
0.810332987240482, 1.11943645095307, 0.314142098715664, 0.218264279243889, 0.100088073205828, 0.978259529407239,
0.187843315229572, 0.393032878732479, 1.137402470774, 0.834583145907434, 1.57627885757637, 0.103763471107236,
0.535883925083263, 0.42040768268948, 1.53990354870067, 0.773557245686447, 0.782005595894683, 0.11608759790532,
0.204953136849232, 1.73060229127857, 0.0336328357162122, 0.0371229889891821, 0.975599324004071, 1.90549629861358,
0.533640868188338, 0.303742164932919, 0.636661237113531, 0.532859111788124, 1.13341025327333, 0.944261254199291,
0.0785415421886628)
