N_games <- 360
N_teams <- 10
home_idx <- 
c(1, 6, 7, 8, 9, 1, 2, 3, 4, 5, 8, 7, 6, 5, 4, 1, 8, 9, 10, 2, 1, 10, 2, 3, 4, 5, 4, 3, 2, 10, 1, 3, 4, 5, 6,
1, 4, 5, 6, 7, 1, 9, 10, 2, 3, 1, 8, 9, 10, 2, 6, 5, 4, 3, 2, 2, 10, 9, 8, 7, 9, 8, 7, 6, 5, 1, 7, 8, 9, 10, 10, 9, 8, 7,
6, 1, 10, 2, 3, 4, 1, 6, 7, 8, 9, 7, 6, 5, 4, 3, 6, 5, 4, 3, 2, 1, 9, 10, 2, 3, 1, 7, 8, 9, 10, 1, 2, 3, 4, 5, 1, 8, 9, 10,
2, 10, 9, 8, 7, 6, 1, 5, 6, 7, 8, 1, 2, 3, 4, 5, 1, 4, 5, 6, 7, 6, 5, 4, 3, 2, 3, 2, 10, 9, 8, 4, 3, 2, 10, 9, 1, 3, 4, 5,
6, 4, 3, 2, 10, 9, 1, 10, 2, 3, 4, 8, 7, 6, 5, 4, 5, 4, 3, 2, 10, 8, 7, 6, 5, 4, 1, 6, 7, 8, 9, 1, 9, 10, 2, 3, 7, 6, 5, 4,
3, 1, 4, 5, 6, 7, 10, 9, 8, 7, 6, 3, 2, 10, 9, 8, 9, 8, 7, 6, 5, 4, 3, 2, 10, 9, 8, 7, 6, 5, 4, 5, 4, 3, 2, 10, 2, 10, 9,
8, 7, 1, 3, 4, 5, 6, 1, 5, 6, 7, 8, 10, 9, 8, 7, 6, 9, 8, 7, 6, 5, 4, 3, 2, 10, 9, 3, 2, 10, 9, 8, 1, 5, 6, 7, 8, 1, 2, 3,
4, 5, 2, 10, 9, 8, 7, 1, 9, 10, 2, 3, 2, 10, 9, 8, 7, 6, 5, 4, 3, 2, 1, 8, 9, 10, 2, 7, 6, 5, 4, 3, 3, 2, 10, 9, 8, 1, 5,
6, 7, 8, 1, 7, 8, 9, 10, 9, 8, 7, 6, 5, 1, 6, 7, 8, 9, 7, 6, 5, 4, 3, 1, 10, 2, 3, 4, 1, 7, 8, 9, 10, 1, 4, 5, 6, 7, 1, 3,
4, 5, 6, 5, 4, 3, 2, 10)
away_idx <- 
c(5, 4, 3, 2, 10, 10, 9, 8, 7, 6, 1, 9, 10, 2, 3, 7, 6, 5, 4, 3, 9, 8, 7, 6, 5, 1, 6, 7, 8, 9, 2, 10, 9, 8, 7,
3, 2, 10, 9, 8, 8, 7, 6, 5, 4, 7, 6, 5, 4, 3, 1, 7, 8, 9, 10, 1, 3, 4, 5, 6, 1, 10, 2, 3, 4, 6, 5, 4, 3, 2, 1, 2, 3, 4, 5,
9, 8, 7, 6, 5, 5, 4, 3, 2, 10, 1, 8, 9, 10, 2, 1, 7, 8, 9, 10, 8, 7, 6, 5, 4, 6, 5, 4, 3, 2, 10, 9, 8, 7, 6, 7, 6, 5, 4, 3,
1, 2, 3, 4, 5, 4, 3, 2, 10, 9, 10, 9, 8, 7, 6, 3, 2, 10, 9, 8, 1, 7, 8, 9, 10, 1, 4, 5, 6, 7, 1, 5, 6, 7, 8, 2, 10, 9, 8,
7, 1, 5, 6, 7, 8, 9, 8, 7, 6, 5, 1, 9, 10, 2, 3, 1, 6, 7, 8, 9, 1, 9, 10, 2, 3, 5, 4, 3, 2, 10, 8, 7, 6, 5, 4, 1, 8, 9, 10,
2, 3, 2, 10, 9, 8, 1, 2, 3, 4, 5, 1, 4, 5, 6, 7, 1, 10, 2, 3, 4, 1, 5, 6, 7, 8, 1, 9, 10, 2, 3, 1, 6, 7, 8, 9, 1, 3, 4, 5,
6, 2, 10, 9, 8, 7, 4, 3, 2, 10, 9, 1, 2, 3, 4, 5, 1, 10, 2, 3, 4, 1, 5, 6, 7, 8, 1, 4, 5, 6, 7, 4, 3, 2, 10, 9, 10, 9, 8,
7, 6, 1, 3, 4, 5, 6, 8, 7, 6, 5, 4, 1, 3, 4, 5, 6, 1, 7, 8, 9, 10, 7, 6, 5, 4, 3, 1, 8, 9, 10, 2, 1, 4, 5, 6, 7, 4, 3, 2,
10, 9, 6, 5, 4, 3, 2, 1, 10, 2, 3, 4, 5, 4, 3, 2, 10, 1, 8, 9, 10, 2, 9, 8, 7, 6, 5, 6, 5, 4, 3, 2, 3, 2, 10, 9, 8, 2, 10,
9, 8, 7, 1, 6, 7, 8, 9)
N_weeks <- 72
week <- 
c(1, 1, 1, 1, 1, 2, 2, 2, 2, 2, 3, 3, 3, 3, 3, 4, 4, 4, 4, 4, 5, 5, 5, 5, 5, 6, 6, 6, 6, 6, 7, 7, 7, 7, 7, 8, 8,
8, 8, 8, 9, 9, 9, 9, 9, 10, 10, 10, 10, 10, 11, 11, 11, 11, 11, 12, 12, 12, 12, 12, 13, 13, 13, 13, 13, 14, 14, 14, 14, 14,
15, 15, 15, 15, 15, 16, 16, 16, 16, 16, 17, 17, 17, 17, 17, 18, 18, 18, 18, 18, 19, 19, 19, 19, 19, 20, 20, 20, 20, 20, 21,
21, 21, 21, 21, 22, 22, 22, 22, 22, 23, 23, 23, 23, 23, 24, 24, 24, 24, 24, 25, 25, 25, 25, 25, 26, 26, 26, 26, 26, 27, 27,
27, 27, 27, 28, 28, 28, 28, 28, 29, 29, 29, 29, 29, 30, 30, 30, 30, 30, 31, 31, 31, 31, 31, 32, 32, 32, 32, 32, 33, 33, 33,
33, 33, 34, 34, 34, 34, 34, 35, 35, 35, 35, 35, 36, 36, 36, 36, 36, 37, 37, 37, 37, 37, 38, 38, 38, 38, 38, 39, 39, 39, 39,
39, 40, 40, 40, 40, 40, 41, 41, 41, 41, 41, 42, 42, 42, 42, 42, 43, 43, 43, 43, 43, 44, 44, 44, 44, 44, 45, 45, 45, 45, 45,
46, 46, 46, 46, 46, 47, 47, 47, 47, 47, 48, 48, 48, 48, 48, 49, 49, 49, 49, 49, 50, 50, 50, 50, 50, 51, 51, 51, 51, 51, 52,
52, 52, 52, 52, 53, 53, 53, 53, 53, 54, 54, 54, 54, 54, 55, 55, 55, 55, 55, 56, 56, 56, 56, 56, 57, 57, 57, 57, 57, 58, 58,
58, 58, 58, 59, 59, 59, 59, 59, 60, 60, 60, 60, 60, 61, 61, 61, 61, 61, 62, 62, 62, 62, 62, 63, 63, 63, 63, 63, 64, 64, 64,
64, 64, 65, 65, 65, 65, 65, 66, 66, 66, 66, 66, 67, 67, 67, 67, 67, 68, 68, 68, 68, 68, 69, 69, 69, 69, 69, 70, 70, 70, 70,
70, 71, 71, 71, 71, 71, 72, 72, 72, 72, 72)
y_home <- 
c(47, 90, 93, 92, 102, 61, 40, 46, 40, 155, 92, 46, 91, 95, 126, 37, 110, 96, 82, 117, 35, 50, 51, 74, 79, 100,
78, 47, 60, 44, 42, 52, 41, 95, 55, 73, 57, 116, 43, 47, 45, 52, 65, 87, 86, 31, 114, 110, 81, 90, 72, 59, 63, 46, 79, 60,
76, 105, 96, 56, 75, 97, 70, 108, 121, 55, 63, 132, 133, 44, 58, 81, 124, 80, 82, 31, 57, 54, 61, 83, 49, 86, 90, 86, 93,
60, 65, 72, 71, 64, 66, 70, 49, 50, 73, 36, 64, 68, 100, 66, 67, 71, 118, 100, 72, 62, 71, 42, 37, 93, 33, 86, 85, 82, 88,
55, 78, 112, 99, 67, 65, 101, 62, 52, 53, 51, 51, 58, 38, 98, 64, 71, 101, 63, 44, 68, 64, 64, 48, 78, 56, 99, 58, 96, 48,
69, 64, 62, 31, 64, 44, 57, 64, 90, 57, 55, 74, 71, 36, 77, 47, 65, 34, 75, 74, 72, 57, 89, 80, 78, 79, 70, 39, 69, 46, 80,
49, 92, 90, 106, 45, 86, 76, 65, 66, 38, 51, 55, 55, 72, 54, 76, 68, 66, 57, 65, 60, 92, 61, 64, 52, 88, 121, 63, 71, 51,
80, 63, 90, 62, 71, 78, 60, 95, 110, 61, 59, 64, 42, 51, 69, 60, 73, 56, 69, 66, 59, 43, 60, 46, 55, 63, 90, 101, 61, 52,
56, 59, 70, 55, 53, 80, 63, 68, 55, 46, 75, 95, 74, 79, 70, 74, 49, 75, 92, 66, 60, 74, 48, 57, 59, 73, 50, 79, 67, 46,
106, 67, 57, 65, 47, 49, 46, 56, 79, 56, 74, 81, 76, 63, 54, 69, 58, 61, 56, 67, 69, 93, 76, 67, 66, 60, 52, 54, 65, 42,
76, 84, 46, 70, 48, 50, 74, 78, 50, 55, 78, 79, 82, 51, 51, 97, 64, 47, 68, 62, 66, 80, 75, 48, 65, 69, 66, 86, 87, 50, 67,
67, 64, 81, 70, 74, 84, 71, 51, 46, 47, 55, 55, 67, 52, 57, 81, 80, 57, 59, 59, 70, 59, 56, 61, 64, 76, 62, 55, 74, 67, 39,
55, 47)
y_away <- 
c(78, 59, 32, 58, 23, 50, 54, 154, 74, 57, 28, 52, 63, 70, 61, 45, 48, 60, 65, 37, 78, 95, 48, 102, 119, 43, 76,
65, 61, 65, 56, 72, 95, 97, 59, 41, 98, 60, 72, 37, 65, 32, 69, 75, 69, 40, 53, 53, 76, 41, 45, 42, 117, 89, 39, 30, 61,
47, 67, 45, 30, 50, 32, 50, 55, 56, 49, 45, 37, 60, 34, 41, 36, 23, 99, 66, 69, 42, 70, 107, 81, 56, 36, 53, 41, 27, 87,
83, 67, 69, 44, 63, 79, 98, 45, 59, 44, 83, 66, 74, 59, 51, 43, 37, 65, 43, 63, 77, 72, 71, 41, 48, 53, 68, 45, 47, 47, 37,
40, 86, 43, 50, 55, 34, 49, 35, 73, 91, 70, 68, 38, 67, 56, 63, 49, 37, 64, 82, 92, 51, 48, 51, 60, 44, 48, 38, 96, 49, 51,
49, 42, 63, 77, 73, 58, 43, 82, 59, 49, 54, 44, 66, 43, 70, 85, 29, 30, 48, 53, 55, 44, 61, 73, 54, 71, 44, 37, 55, 59, 57,
60, 42, 35, 41, 39, 71, 45, 56, 62, 71, 33, 75, 80, 54, 70, 39, 64, 49, 63, 42, 40, 42, 43, 36, 80, 43, 41, 71, 45, 35, 32,
35, 37, 49, 67, 54, 80, 60, 49, 42, 42, 42, 48, 52, 58, 31, 59, 63, 58, 64, 36, 43, 42, 52, 29, 47, 50, 69, 57, 42, 56, 49,
41, 24, 53, 40, 44, 47, 36, 71, 34, 44, 42, 42, 53, 37, 93, 40, 44, 41, 47, 49, 64, 42, 39, 46, 51, 54, 39, 46, 49, 48, 79,
63, 50, 29, 48, 44, 65, 46, 54, 42, 29, 47, 55, 39, 45, 39, 56, 38, 38, 54, 81, 78, 47, 41, 45, 59, 66, 52, 39, 74, 62, 49,
42, 39, 45, 62, 41, 46, 38, 38, 53, 37, 48, 36, 47, 57, 42, 56, 38, 42, 36, 41, 50, 64, 45, 33, 61, 53, 26, 64, 61, 46, 48,
44, 56, 46, 68, 80, 53, 49, 47, 33, 50, 67, 65, 45, 55, 54, 48, 54, 66, 53, 49, 49, 53, 54, 61, 54)
